Au (Gold) - Johnson and Christy 1

wavelength (nm), Re(eps)
900, -33.3809
896.858, -33.0955
893.738, -32.8129
892.086, -32.6636
890.639, -32.533
887.562, -32.2558
884.506, -31.9813
881.471, -31.7094
878.456, -31.4401
875.463, -31.1733
872.489, -30.9091
869.536, -30.6473
866.602, -30.3879
863.689, -30.131
860.795, -29.8764
857.92, -29.6242
855.064, -29.3743
852.227, -29.1266
849.41, -28.8812
846.61, -28.638
843.829, -28.3969
841.066, -28.158
838.322, -27.9213
835.595, -27.6866
832.886, -27.454
830.194, -27.2234
827.52, -26.9948
824.862, -26.7682
822.222, -26.5435
821.192, -26.456
819.599, -26.3207
816.992, -26.0999
814.402, -25.8809
811.828, -25.6638
809.271, -25.4484
806.729, -25.2349
804.204, -25.0232
801.694, -24.8132
799.2, -24.6049
796.721, -24.3983
794.258, -24.1934
791.81, -23.9901
789.377, -23.7885
786.958, -23.5885
784.555, -23.3901
782.166, -23.1932
779.792, -22.9979
777.432, -22.8042
775.086, -22.6119
772.755, -22.4211
770.437, -22.2318
768.133, -22.044
765.843, -21.8575
763.567, -21.6725
761.304, -21.4889
759.054, -21.3067
756.818, -21.1258
756.098, -21.0675
754.595, -20.9462
752.385, -20.768
750.188, -20.5911
748.003, -20.4154
745.832, -20.2411
743.672, -20.068
741.526, -19.8961
739.391, -19.7255
737.269, -19.5561
735.159, -19.3879
733.062, -19.2208
730.976, -19.055
728.901, -18.8902
726.839, -18.7266
724.788, -18.5642
722.749, -18.4028
720.721, -18.2426
718.705, -18.0834
716.7, -17.9253
714.706, -17.7682
712.723, -17.6122
710.751, -17.4573
708.79, -17.3033
706.84, -17.1504
704.9, -16.9984
704.545, -16.9707
702.971, -16.8475
701.053, -16.6975
699.145, -16.5484
697.247, -16.4004
695.36, -16.2532
693.482, -16.107
691.615, -15.9617
689.758, -15.8174
687.911, -15.6739
686.074, -15.5313
684.247, -15.3896
682.429, -15.2487
680.621, -15.1088
678.822, -14.9696
677.033, -14.8313
675.253, -14.6939
673.483, -14.5573
671.722, -14.4215
669.97, -14.2865
668.227, -14.1523
666.494, -14.0189
664.769, -13.8863
663.053, -13.7544
661.346, -13.6234
659.648, -13.4931
659.574, -13.4875
657.958, -13.3635
656.277, -13.2348
654.605, -13.1067
652.941, -12.9794
651.286, -12.8529
649.639, -12.727
648, -12.6019
646.37, -12.4775
644.747, -12.3538
643.133, -12.2309
641.527, -12.1086
639.929, -11.987
638.339, -11.8661
636.756, -11.7459
635.182, -11.6264
633.615, -11.5076
632.056, -11.3894
630.505, -11.2719
628.961, -11.1551
627.425, -11.039
625.896, -10.9235
624.375, -10.8086
622.861, -10.6945
621.355, -10.5809
619.855, -10.4681
618.363, -10.3559
616.915, -10.2471
616.878, -10.2443
615.4, -10.1334
613.93, -10.0231
612.466, -9.9135
611.009, -9.80451
609.559, -9.69617
608.116, -9.58848
606.68, -9.48142
605.251, -9.375
603.828, -9.26922
602.412, -9.16409
601.003, -9.05959
599.6, -8.95573
598.204, -8.85252
596.814, -8.74995
595.43, -8.64802
594.054, -8.54673
592.683, -8.44609
591.319, -8.3461
589.961, -8.24675
588.609, -8.14805
587.263, -8.05001
585.924, -7.95262
584.59, -7.85588
583.263, -7.75981
582.16, -7.68011
581.942, -7.66439
580.626, -7.56964
579.317, -7.47555
578.014, -7.38213
576.716, -7.28939
575.424, -7.19732
574.138, -7.10593
572.858, -7.01523
571.583, -6.92521
570.314, -6.83588
569.051, -6.74724
567.793, -6.65931
566.541, -6.57207
565.294, -6.48554
564.053, -6.39972
562.817, -6.31462
561.587, -6.23023
560.361, -6.14657
559.142, -6.06364
557.927, -5.98144
556.718, -5.89998
555.514, -5.81926
554.316, -5.73929
553.122, -5.66008
551.934, -5.58161
550.75, -5.50392
549.572, -5.42698
548.673, -5.36855
548.399, -5.35082
547.231, -5.27544
546.067, -5.20084
544.909, -5.12702
543.756, -5.054
542.607, -4.98177
541.463, -4.91034
540.325, -4.83971
539.19, -4.7699
538.061, -4.70089
536.936, -4.63271
535.816, -4.56535
534.701, -4.49882
533.591, -4.43311
532.484, -4.36824
531.383, -4.30421
530.286, -4.24102
529.194, -4.17867
528.106, -4.11717
527.022, -4.05653
525.943, -3.99673
524.869, -3.9378
523.798, -3.87972
522.733, -3.8225
521.671, -3.76615
521.008, -3.73129
520.614, -3.71066
519.561, -3.65603
518.512, -3.60228
517.468, -3.54939
516.427, -3.49737
515.391, -3.44622
514.359, -3.39594
513.331, -3.34653
512.308, -3.29799
511.288, -3.25031
510.272, -3.2035
509.261, -3.15756
508.253, -3.11248
507.25, -3.06827
506.25, -3.02491
505.254, -2.98241
504.262, -2.94077
503.275, -2.89997
502.291, -2.86002
501.31, -2.82092
500.334, -2.78265
499.361, -2.74522
498.392, -2.70861
497.427, -2.67283
496.466, -2.63787
496, -2.62117
495.508, -2.60372
494.554, -2.57038
493.604, -2.53784
492.658, -2.50609
491.715, -2.47512
490.775, -2.44494
489.839, -2.41552
488.907, -2.38687
487.978, -2.35896
487.053, -2.33181
486.131, -2.30539
485.213, -2.2797
484.298, -2.25472
483.387, -2.23046
482.479, -2.20689
481.575, -2.18401
480.674, -2.16181
479.776, -2.14027
478.881, -2.1194
477.99, -2.09916
477.103, -2.07956
476.218, -2.06059
475.337, -2.04222
474.459, -2.02446
473.584, -2.00728
472.713, -1.99068
471.845, -1.97465
471.483, -1.96811
470.98, -1.95916
470.118, -1.94422
469.259, -1.9298
468.403, -1.9159
467.551, -1.9025
466.701, -1.8896
465.855, -1.87717
465.012, -1.8652
464.171, -1.85369
463.334, -1.84262
462.5, -1.83198
461.669, -1.82175
460.841, -1.81193
460.015, -1.8025
459.193, -1.79344
458.374, -1.78475
457.557, -1.77641
456.744, -1.76842
455.933, -1.76075
455.125, -1.7534
454.32, -1.74635
453.518, -1.7396
452.719, -1.73313
451.923, -1.72693
451.129, -1.72099
450.909, -1.71938
450.338, -1.71529
449.55, -1.70983
448.765, -1.70459
447.982, -1.69957
447.202, -1.69475
446.425, -1.69013
445.651, -1.68568
444.879, -1.68141
444.11, -1.67729
443.343, -1.67333
442.579, -1.66951
441.818, -1.66583
441.06, -1.66226
440.304, -1.65881
439.55, -1.65547
438.799, -1.65222
438.051, -1.64905
437.305, -1.64597
436.562, -1.64296
435.822, -1.64001
435.083, -1.63711
434.348, -1.63426
433.615, -1.63145
432.884, -1.62868
432.156, -1.62593
431.43, -1.6232
430.707, -1.62048
430.556, -1.61991
429.986, -1.61777
429.267, -1.61505
428.551, -1.61234
427.837, -1.60961
427.126, -1.60686
426.417, -1.60409
425.71, -1.60129
425.006, -1.59846
424.304, -1.59559
423.604, -1.59268
422.907, -1.58972
422.212, -1.58671
421.519, -1.58364
420.828, -1.58052
420.14, -1.57733
419.454, -1.57408
418.77, -1.57076
418.089, -1.56736
417.409, -1.56389
416.732, -1.56034
416.057, -1.55671
415.385, -1.55299
414.714, -1.54919
414.046, -1.5453
413.379, -1.54132
413.333, -1.54104
412.715, -1.53725
412.053, -1.53309
411.393, -1.52882
410.735, -1.52447
410.08, -1.52001
409.426, -1.51545
408.775, -1.5108
408.125, -1.50604
407.478, -1.50118
406.833, -1.49622
406.189, -1.49115
405.548, -1.48599
404.909, -1.48072
404.272, -1.47534
403.636, -1.46986
403.003, -1.46428
402.372, -1.45859
401.743, -1.45281
401.115, -1.44692
400.49, -1.44092
399.867, -1.43483
399.245, -1.42864
398.626, -1.42235
398.008, -1.41596
397.436, -1.40993
397.392, -1.40947
396.778, -1.40289
396.167, -1.39621
395.557, -1.38944
394.948, -1.38258
394.342, -1.37564
393.738, -1.3686
393.135, -1.36148
392.534, -1.35427
391.935, -1.34698
391.338, -1.33962
390.743, -1.33217
390.15, -1.32465
389.558, -1.31706
388.968, -1.3094
388.38, -1.30167
387.794, -1.29388
387.209, -1.28603
386.627, -1.27811
386.046, -1.27014
385.466, -1.26212
384.889, -1.25405
384.313, -1.24593
383.739, -1.23777
383.166, -1.22957
382.596, -1.22134
382.027, -1.21307
381.538, -1.20593
381.459, -1.20477
380.894, -1.19645
380.33, -1.18811
379.768, -1.17975
379.207, -1.17137
378.648, -1.16299
378.091, -1.1546
377.535, -1.14622
376.981, -1.13783
376.429, -1.12945
375.878, -1.12109
375.329, -1.11274
374.781, -1.10442
374.235, -1.09612
373.691, -1.08785
373.148, -1.07962
372.607, -1.07143
372.067, -1.06328
371.529, -1.05519
370.992, -1.04715
370.457, -1.03917
369.924, -1.03126
369.392, -1.02342
368.862, -1.01566
368.333, -1.00798
367.953, -1.0025
367.805, -1.00039
367.279, -0.992889
366.755, -0.98549
366.232, -0.978196
365.711, -0.971013
365.191, -0.963945
364.672, -0.956999
364.156, -0.950181
363.64, -0.943496
363.126, -0.93695
362.613, -0.930549
362.102, -0.924298
361.593, -0.918204
361.084, -0.912273
360.578, -0.906509
360.072, -0.900919
359.568, -0.895509
359.065, -0.890284
358.564, -0.88525
358.065, -0.880412
357.566, -0.875776
357.069, -0.871348
356.573, -0.867132
356.079, -0.863134
355.586, -0.859359
355.095, -0.855813
354.605, -0.852499
354.286, -0.850465
354.116, -0.849422
353.628, -0.846587
353.142, -0.843998
352.657, -0.841658
352.174, -0.839573
351.692, -0.837744
351.211, -0.836175
350.731, -0.834868
350.253, -0.833827
349.776, -0.833052
349.301, -0.832545
348.826, -0.832307
348.353, -0.832338
347.882, -0.832638
347.411, -0.833206
346.942, -0.83404
346.474, -0.835138
346.007, -0.836496
345.542, -0.838111
345.078, -0.839976
344.615, -0.842086
344.153, -0.844434
343.693, -0.84701
343.233, -0.849805
342.775, -0.852808
342.541, -0.854422
342.319, -0.856006
341.863, -0.859385
341.409, -0.862928
340.956, -0.866619
340.504, -0.870438
340.053, -0.874363
339.603, -0.878372
339.155, -0.882439
338.708, -0.886537
338.262, -0.890637
337.817, -0.894707
337.373, -0.898713
336.931, -0.902621
336.49, -0.906393
336.049, -0.90999
335.61, -0.913371
335.172, -0.916493
334.736, -0.919314
334.3, -0.92179
333.866, -0.923876
333.432, -0.925527
333, -0.926701
332.569, -0.927354
332.139, -0.927446
331.71, -0.926938
331.551, -0.92659
331.282, -0.925797
330.856, -0.923991
330.43, -0.921495
330.006, -0.918287
329.582, -0.914355
329.16, -0.90969
328.739, -0.904294
328.318, -0.898175
327.899, -0.89135
327.481, -0.883843
327.064, -0.875689
326.649, -0.866929
326.234, -0.857614
325.82, -0.847799
325.407, -0.837549
324.995, -0.826933
324.585, -0.816025
324.175, -0.804901
323.767, -0.79364
323.359, -0.782324
322.953, -0.771032
322.547, -0.759841
322.143, -0.748829
321.739, -0.738068
321.337, -0.727625
320.935, -0.717562
320.535, -0.707937
320.413, -0.705111
320.135, -0.698801
319.737, -0.690197
319.339, -0.682164
318.943, -0.674731
318.547, -0.667925
318.153, -0.661764
317.759, -0.656259
317.367, -0.651419
316.975, -0.647245
316.585, -0.643735
316.195, -0.640882
315.806, -0.638676
315.418, -0.637104
315.032, -0.636148
314.646, -0.635791
314.261, -0.636011
313.877, -0.636788
313.494, -0.638098
313.112, -0.639916
312.73, -0.642219
312.35, -0.644982
311.971, -0.648178
311.592, -0.651785
311.215, -0.655776
310.838, -0.660127
310.777, -0.660871
310.463, -0.664815
310.088, -0.669817
309.714, -0.675109
309.341, -0.680669
308.969, -0.686477
308.598, -0.692512
308.228, -0.698755
307.858, -0.705185
307.49, -0.711786
307.122, -0.71854
306.755, -0.725431
306.39, -0.732442
306.025, -0.73956
305.66, -0.746769
305.297, -0.754057
304.935, -0.76141
304.573, -0.768817
304.212, -0.776266
303.853, -0.783746
303.494, -0.791248
303.136, -0.79876
302.778, -0.806276
302.422, -0.813785
302.066, -0.82128
301.711, -0.828753
301.357, -0.836197
301.004, -0.843606
300.971, -0.844308
300.652, -0.850974
300.301, -0.858293
299.95, -0.86556
299.6, -0.872768
299.251, -0.879914
298.903, -0.886992
298.556, -0.893999
298.209, -0.90093
297.863, -0.907783
297.518, -0.914553
297.174, -0.921238
296.831, -0.927835
296.488, -0.934341
296.146, -0.940753
295.805, -0.947071
295.465, -0.953291
295.126, -0.959412
294.787, -0.965432
294.449, -0.97135
294.112, -0.977164
293.776, -0.982873
293.44, -0.988477
293.105, -0.993973
292.771, -0.999363
292.453, -1.00441
292.438, -1.00464
292.105, -1.00982
291.773, -1.01488
291.442, -1.01983
291.112, -1.02467
290.783, -1.02941
290.454, -1.03403
290.126, -1.03854
289.799, -1.04294
289.472, -1.04724
289.146, -1.05142
288.821, -1.05549
288.497, -1.05946
288.173, -1.06331
287.85, -1.06706
287.528, -1.0707
287.207, -1.07423
286.886, -1.07765
286.566, -1.08097
286.246, -1.08418
285.928, -1.08729
285.61, -1.09029
285.293, -1.09319
284.976, -1.09598
284.66, -1.09868
284.404, -1.1008
284.345, -1.10127
284.031, -1.10376
283.717, -1.10616
283.404, -1.10845
283.092, -1.11065
282.78, -1.11275
282.469, -1.11475
282.159, -1.11666
281.85, -1.11848
281.541, -1.1202
281.232, -1.12183
280.925, -1.12337
280.618, -1.12482
280.312, -1.12618
280.006, -1.12745
279.701, -1.12864
279.397, -1.12974
279.094, -1.13075
278.791, -1.13168
278.488, -1.13253
278.187, -1.13329
277.886, -1.13398
277.586, -1.13458
277.286, -1.13511
276.987, -1.13556
276.689, -1.13593
276.391, -1.13622
276.169, -1.1364
276.094, -1.13645
275.798, -1.13659
275.502, -1.13667
275.207, -1.13667
274.912, -1.1366
274.618, -1.13646
274.325, -1.13626
274.032, -1.13598
273.74, -1.13564
273.449, -1.13523
273.158, -1.13476
272.868, -1.13422
272.578, -1.13362
272.29, -1.13296
272.001, -1.13223
271.714, -1.13145
271.426, -1.13061
271.14, -1.12971
270.854, -1.12875
270.569, -1.12773
270.284, -1.12666
270, -1.12553
269.717, -1.12435
269.434, -1.12312
269.151, -1.12183
268.98, -1.12103
268.87, -1.12049
268.588, -1.1191
268.308, -1.11766
268.028, -1.11618
267.749, -1.11464
267.47, -1.11306
267.192, -1.11143
266.914, -1.10975
266.637, -1.10803
266.361, -1.10626
266.085, -1.10445
265.809, -1.1026
265.535, -1.1007
265.26, -1.09876
264.987, -1.09679
264.714, -1.09477
264.441, -1.09271
264.169, -1.09061
263.898, -1.08848
263.627, -1.08631
263.357, -1.0841
263.087, -1.08186
262.818, -1.07958
262.549, -1.07726
262.281, -1.07491
262.014, -1.07253
261.747, -1.07011
261.603, -1.0688
261.48, -1.06767
261.214, -1.06519
260.949, -1.06268
260.684, -1.06013
260.42, -1.05756
260.156, -1.05496
259.893, -1.05233
259.63, -1.04967
259.368, -1.04699
259.107, -1.04427
258.846, -1.04153
258.585, -1.03877
258.325, -1.03597
258.065, -1.03316
257.806, -1.03031
257.548, -1.02745
257.29, -1.02456
257.033, -1.02164
256.776, -1.01871
256.519, -1.01575
256.263, -1.01277
256.008, -1.00976
255.753, -1.00674
255.499, -1.00369
255.245, -1.00063
255.144, -0.999406
254.991, -0.997546
254.739, -0.994442
254.486, -0.991319
254.234, -0.988178
253.983, -0.985018
253.732, -0.981841
253.482, -0.978647
253.232, -0.975435
252.983, -0.972207
252.734, -0.968962
252.485, -0.965702
252.237, -0.962425
251.99, -0.959134
251.743, -0.955828
251.497, -0.952508
251.251, -0.949173
251.005, -0.945824
250.76, -0.942462
250.515, -0.939087
250.271, -0.935698
250.028, -0.932298
249.785, -0.928885
249.542, -0.92546
249.3, -0.922023
249.058, -0.918575
248.996, -0.917685
248.817, -0.915116
248.576, -0.911646
248.336, -0.908165
248.096, -0.904675
247.857, -0.901174
247.618, -0.897663
247.379, -0.894144
247.141, -0.890615
246.904, -0.887077
246.667, -0.88353
246.43, -0.879975
246.194, -0.876412
245.958, -0.87284
245.723, -0.869261
245.488, -0.865675
245.254, -0.862081
245.02, -0.858481
244.786, -0.854873
244.553, -0.851259
244.321, -0.847638
244.089, -0.844012
243.857, -0.840379
243.626, -0.83674
243.395, -0.833096
243.164, -0.829447
242.934, -0.825793
242.705, -0.822133
242.661, -0.82144
242.476, -0.818469
242.247, -0.8148
242.019, -0.811126
241.791, -0.807449
241.564, -0.803767
241.337, -0.800082
241.11, -0.796392
240.884, -0.792699
240.658, -0.789003
240.433, -0.785304
240.208, -0.781601
239.984, -0.777896
239.76, -0.774188
239.536, -0.770477
239.313, -0.766764
239.091, -0.763048
238.868, -0.75933
238.646, -0.755611
238.425, -0.751889
238.204, -0.748166
237.983, -0.744441
237.763, -0.740714
237.543, -0.736986
237.323, -0.733257
237.104, -0.729527
237.094, -0.729344
236.886, -0.725796
236.668, -0.722065
236.45, -0.718332
236.232, -0.714599
236.015, -0.710865
235.799, -0.707131
235.582, -0.703397
235.366, -0.699663
235.151, -0.695928
234.936, -0.692194
234.721, -0.68846
234.507, -0.684726
234.293, -0.680993
234.08, -0.67726
233.867, -0.673527
233.654, -0.669796
233.442, -0.666065
233.23, -0.662335
233.018, -0.658606
232.807, -0.654878
232.596, -0.651151
232.386, -0.647425
232.176, -0.643701
231.966, -0.639978
231.757, -0.636257
231.548, -0.632537
231.343, -0.628891
231.339, -0.628819
231.131, -0.625103
230.923, -0.621388
230.716, -0.617676
230.509, -0.613965
230.302, -0.610256
230.096, -0.60655
229.89, -0.602846
229.685, -0.599143
229.479, -0.595444
229.275, -0.591746
229.07, -0.588051
228.866, -0.584359
228.662, -0.580669
228.459, -0.576982
228.256, -0.573298
228.053, -0.569616
227.851, -0.565937
227.649, -0.562261
227.448, -0.558588
227.246, -0.554918
227.045, -0.551251
226.845, -0.547588
226.645, -0.543927
226.445, -0.54027
226.277, -0.537198
226.246, -0.536615
226.047, -0.532965
225.848, -0.529317
225.649, -0.525673
225.451, -0.522033
225.254, -0.518396
225.056, -0.514762
224.859, -0.511132
224.663, -0.507506
224.466, -0.503884
224.27, -0.500265
224.075, -0.49665
223.879, -0.493039
223.685, -0.489431
223.49, -0.485828
223.296, -0.482228
223.102, -0.478633
222.908, -0.475041
222.715, -0.471454
222.522, -0.467871
222.329, -0.464291
222.137, -0.460716
221.945, -0.457145
221.754, -0.453579
221.562, -0.450016
221.429, -0.447523
221.371, -0.446458
221.181, -0.442904
220.991, -0.439355
220.801, -0.43581
220.611, -0.432269
220.422, -0.428733
220.233, -0.425201
220.044, -0.421674
219.856, -0.418151
219.668, -0.414633
219.48, -0.411119
219.293, -0.40761
219.106, -0.404106
218.919, -0.400606
218.733, -0.397111
218.546, -0.39362
218.361, -0.390135
218.175, -0.386654
217.99, -0.383177
217.805, -0.379706
217.621, -0.376239
217.437, -0.372777
217.253, -0.36932
217.069, -0.365868
216.886, -0.362421
216.703, -0.358978
216.52, -0.355541
216.405, -0.353371
216.338, -0.352108
216.156, -0.348681
215.974, -0.345258
215.793, -0.34184
215.612, -0.338428
215.431, -0.33502
215.25, -0.331617
215.07, -0.328219
214.89, -0.324827
214.71, -0.321439
214.531, -0.318057
214.352, -0.314679
214.173, -0.311307
213.995, -0.30794
213.817, -0.304578
213.639, -0.301221
213.462, -0.297869
213.284, -0.294523
213.107, -0.291181
212.931, -0.287845
212.754, -0.284514
212.578, -0.281188
212.403, -0.277867
212.227, -0.274552
212.052, -0.271241
211.966, -0.269615
211.877, -0.267936
211.702, -0.264636
211.528, -0.261342
211.354, -0.258053
211.18, -0.254769
211.007, -0.25149
210.834, -0.248216
210.661, -0.244948
210.488, -0.241685
210.316, -0.238428
210.144, -0.235175
209.972, -0.231928
209.8, -0.228686
209.629, -0.22545
209.458, -0.222219
209.288, -0.218993
209.117, -0.215773
208.947, -0.212557
208.777, -0.209348
208.608, -0.206143
208.439, -0.202944
208.27, -0.19975
208.101, -0.196562
207.932, -0.193379
207.764, -0.190201
207.596, -0.187028
207.429, -0.183861
207.358, -0.182522
207.261, -0.1807
207.094, -0.177543
206.928, -0.174392
206.761, -0.171247
206.595, -0.168106
206.429, -0.164971
206.263, -0.161842
206.097, -0.158718
205.932, -0.155599
205.767, -0.152485
205.603, -0.149377
205.438, -0.146274
205.274, -0.143177
205.11, -0.140085
204.946, -0.136998
204.783, -0.133917
204.62, -0.130841
204.457, -0.12777
204.294, -0.124705
204.132, -0.121645
203.97, -0.11859
203.808, -0.115541
203.647, -0.112497
203.485, -0.109459
203.324, -0.106425
203.279, -0.105567
203.163, -0.103398
203.003, -0.100375
202.843, -0.0973579
202.683, -0.094346
202.523, -0.0913395
202.363, -0.0883383
202.204, -0.0853424
202.045, -0.0823519
201.886, -0.0793666
201.728, -0.0763867
201.569, -0.0734121
201.411, -0.0704428
201.253, -0.0674787
201.096, -0.06452
200.939, -0.0615666
200.782, -0.0586185
200.625, -0.0556756
200.468, -0.0527381
200.312, -0.0498058
200.156, -0.0468788
200, -0.043957


Au (Gold) - Johnson and Christy 1

wavelength (nm), Re(eps)
1937.5, -189.042
1610.39, -125.351
1393.26, -90.4265
1215.69, -66.2185
1087.72, -51.0496
984.127, -40.2741
892.086, -32.0407
821.192, -25.8113
756.098, -20.6011
704.545, -16.8177
659.574, -13.6482
616.915, -10.6619
582.16, -8.11267
548.673, -5.84213
521.008, -3.94616
496, -2.27829
471.483, -1.7027
450.909, -1.759
430.556, -1.6922
413.333, -1.70216
397.436, -1.6494
381.538, -1.60489
367.953, -1.40063
354.286, -1.23196
342.541, -1.31024
331.551, -1.35529
320.413, -1.2308
310.777, -1.24255
300.971, -1.22742
292.453, -1.30678
284.404, -1.33226
276.169, -1.36651
268.98, -1.34641
261.603, -1.2365
255.144, -1.08044
248.996, -0.891261
242.661, -0.744529
237.094, -0.616896
231.343, -0.551009
226.277, -0.4155
221.429, -0.346329
216.405, -0.233769
211.966, -0.1325
207.358, -0.010416
203.279, 0.138171
199.357, 0.203899
195.276, 0.292524
191.654, 0.295191
187.879, 0.227056


